>> disp(t.a)
     1     1     1     1     0     0     0     0     1     0
     1     1     1     0     0     0     0     0     1     0
     1     1     1     1     1     1     0     0     0     0
     1     0     1     1     1     1     0     0     0     0
     0     0     1     1     1     1     0     1     0     0
     0     0     1     1     1     1     1     1     0     0
     0     0     0     0     0     1     1     1     0     1
     0     0     0     0     1     1     1     1     0     1
     1     1     0     0     0     0     0     0     1     0
     0     0     0     0     0     0     1     1     0     1
>> disp(t.c)
  Columns 1 through 13

    1.0000    0.2000         0         0   -0.1690   -0.1690   -0.4000         0         0         0         0         0         0
    0.2000    0.6000         0   -0.4472   -0.1690   -0.1690         0         0         0         0         0         0         0
         0         0    0.7500    0.2500   -0.3780         0         0         0         0         0         0         0         0
         0   -0.4472    0.2500    0.7500         0         0         0         0         0         0         0         0         0
   -0.1690   -0.1690   -0.3780         0    0.8571         0         0         0   -0.1690    0.1690   -0.2857         0         0
   -0.1690   -0.1690         0         0         0    0.5714         0   -0.3381    0.1690   -0.1690         0         0         0
   -0.4000         0         0         0         0         0    1.0000    0.2000   -0.4000         0   -0.1690   -0.1690         0
         0         0         0         0         0   -0.3381    0.2000    0.6000         0         0   -0.1690   -0.1690         0
         0         0         0         0   -0.1690    0.1690   -0.4000         0    1.0000   -0.2000         0         0         0
         0         0         0         0    0.1690   -0.1690         0         0   -0.2000    0.6000         0   -0.3381         0
         0         0         0         0   -0.2857         0   -0.1690   -0.1690         0         0    0.8571         0   -0.3780
         0         0         0         0         0         0   -0.1690   -0.1690         0   -0.3381         0    0.5714         0
         0         0         0         0         0         0         0         0         0         0   -0.3780         0    0.7500
         0         0         0         0         0         0         0         0         0         0         0         0   -0.2500
         0         0         0         0         0         0         0         0   -0.4000         0   -0.1690    0.1690         0
         0         0         0         0         0         0         0         0         0         0    0.1690   -0.1690         0

  Columns 14 through 16

         0         0         0
         0         0         0
         0         0         0
         0         0         0
         0         0         0
         0         0         0
         0         0         0
         0         0         0
         0   -0.4000         0
         0         0         0
         0   -0.1690    0.1690
         0    0.1690   -0.1690
   -0.2500         0         0
    0.7500         0   -0.4472
         0    1.0000   -0.2000
   -0.4472   -0.2000    0.6000
>> disp(t.d)
  Columns 1 through 13

         0         0         0         0         0         0         0    0.6245         0         0         0         0         0
         0         0         0         0         0         0    0.5271         0         0         0         0         0         0
         0         0         0         0         0    0.4453         0         0         0         0         0         0         0
         0         0         0         0         0         0         0         0    0.7242         0         0         0         0
         0         0         0         0    0.2563         0         0         0         0         0         0         0         0
         0         0         0    0.1745         0         0         0         0         0         0         0         0         0
         0         0    0.1260         0         0         0         0         0         0         0         0         0         0
         0    0.0696         0         0         0         0         0         0         0         0         0         0         0
    0.0152         0         0         0         0         0         0         0         0         0         0         0         0
         0         0         0         0         0         0         0         0         0    1.0757         0         0         0
         0         0         0         0         0         0         0         0         0         0    1.1036         0         0
         0         0         0         0         0         0         0         0         0         0         0    1.2071         0
         0         0         0         0         0         0         0         0         0         0         0         0    1.3082
         0         0         0         0         0         0         0         0         0         0         0         0         0
         0         0         0         0         0         0         0         0         0         0         0         0         0
         0         0         0         0         0         0         0         0         0         0         0         0         0

  Columns 14 through 16

         0         0         0
         0         0         0
         0         0         0
         0         0         0
         0         0         0
         0         0         0
         0         0         0
         0         0         0
         0         0         0
         0         0         0
         0         0         0
         0         0         0
         0         0         0
    1.3326         0         0
         0    1.4291         0
         0         0    1.8383
>> disp(t.del)
    0.1119   -0.1025
    0.0536    0.1984
    0.0643   -0.1055
   -0.0519    0.1382
    0.0519    0.1382
   -0.0643   -0.1055
   -0.0536    0.1984
   -0.1119   -0.1025
         0         0
         0         0
>> disp(t.h)
    1.0004
>> disp(t.i)
     9     8     7     6     5     3     2     1     4    10    11    12    13    14    15    16
>> disp(t.j)
     7
>> disp(t.k)
     5     1     0     0    -1    -1    -2     0     0     0     0     0     0     0     0     0
     1     3     0    -2    -1    -1     0     0     0     0     0     0     0     0     0     0
     0     0     3     1    -2     0     0     0     0     0     0     0     0     0     0     0
     0    -2     1     3     0     0     0     0     0     0     0     0     0     0     0     0
    -1    -1    -2     0     6     0     0     0    -1     1    -2     0     0     0     0     0
    -1    -1     0     0     0     4     0    -2     1    -1     0     0     0     0     0     0
    -2     0     0     0     0     0     5     1    -2     0    -1    -1     0     0     0     0
     0     0     0     0     0    -2     1     3     0     0    -1    -1     0     0     0     0
     0     0     0     0    -1     1    -2     0     5    -1     0     0     0     0    -2     0
     0     0     0     0     1    -1     0     0    -1     3     0    -2     0     0     0     0
     0     0     0     0    -2     0    -1    -1     0     0     6     0    -2     0    -1     1
     0     0     0     0     0     0    -1    -1     0    -2     0     4     0     0     1    -1
     0     0     0     0     0     0     0     0     0     0    -2     0     3    -1     0     0
     0     0     0     0     0     0     0     0     0     0     0     0    -1     3     0    -2
     0     0     0     0     0     0     0     0    -2     0    -1     1     0     0     5    -1
     0     0     0     0     0     0     0     0     0     0     1    -1     0    -2    -1     3
>> disp(t.m)
  Columns 1 through 13

    0.4472         0         0         0         0         0         0         0         0         0         0         0         0
         0    0.4472         0         0         0         0         0         0         0         0         0         0         0
         0         0    0.5000         0         0         0         0         0         0         0         0         0         0
         0         0         0    0.5000         0         0         0         0         0         0         0         0         0
         0         0         0         0    0.3780         0         0         0         0         0         0         0         0
         0         0         0         0         0    0.3780         0         0         0         0         0         0         0
         0         0         0         0         0         0    0.4472         0         0         0         0         0         0
         0         0         0         0         0         0         0    0.4472         0         0         0         0         0
         0         0         0         0         0         0         0         0    0.4472         0         0         0         0
         0         0         0         0         0         0         0         0         0    0.4472         0         0         0
         0         0         0         0         0         0         0         0         0         0    0.3780         0         0
         0         0         0         0         0         0         0         0         0         0         0    0.3780         0
         0         0         0         0         0         0         0         0         0         0         0         0    0.5000
         0         0         0         0         0         0         0         0         0         0         0         0         0
         0         0         0         0         0         0         0         0         0         0         0         0         0
         0         0         0         0         0         0         0         0         0         0         0         0         0

  Columns 14 through 16

         0         0         0
         0         0         0
         0         0         0
         0         0         0
         0         0         0
         0         0         0
         0         0         0
         0         0         0
         0         0         0
         0         0         0
         0         0         0
         0         0         0
         0         0         0
    0.5000         0         0
         0    0.4472         0
         0         0    0.4472
>> disp(t.mg)
     0
     5
     0
     4
     0
     7
     0
     5
     0
     5
     0
     7
     0
     4
     0
     5
>> disp(t.n)
    10
>> disp(t.q)
>> disp(t.t)
  Columns 1 through 13

         0    0.4189    0.8378    1.2566    1.6755    2.0944    2.5133    2.9322    3.3510    3.7699    4.1888    4.6077    5.0265

  Columns 14 through 16

    5.4454    5.8643    6.2832
>> disp(t.v)
  Columns 1 through 13

   -0.0240   -0.2155    0.1096    0.1622    0.0778   -0.0447   -0.3521    0.4838   -0.0359    0.2503    0.1741   -0.1648   -0.0030
   -0.2522    0.3348    0.3166   -0.4353    0.2413   -0.2436    0.1384   -0.0221    0.1307   -0.2292   -0.3061    0.1239   -0.1140
    0.0897   -0.2182    0.2369    0.1503   -0.1912   -0.5270    0.2637   -0.1065    0.2500    0.1071   -0.1244   -0.4602   -0.3441
   -0.1840    0.3002    0.1320   -0.4035    0.3154    0.0748   -0.0182    0.1335   -0.1569    0.3969    0.2991   -0.3729   -0.0628
    0.0526   -0.1942    0.4784   -0.0380   -0.0411   -0.3754    0.1435    0.0530   -0.0867    0.1702    0.3143    0.3099    0.4667
   -0.4666    0.1954    0.1899    0.2018   -0.2105   -0.0985   -0.4524    0.1693    0.3632   -0.2790    0.0124    0.0367    0.1735
   -0.0102   -0.3344    0.1153    0.0480    0.3716    0.0165   -0.2167    0.3492   -0.0762   -0.1160   -0.3362    0.0009   -0.3252
   -0.4163    0.1265    0.1897    0.2330   -0.3400    0.0661   -0.1216   -0.2880   -0.4993    0.3091   -0.2431   -0.0962   -0.1046
    0.0102   -0.3344    0.1153   -0.0480    0.3716   -0.0165   -0.2167   -0.3492   -0.0762    0.1160   -0.3362    0.0009    0.3252
   -0.4163   -0.1265   -0.1897    0.2330    0.3400    0.0661    0.1216   -0.2880    0.4993    0.3091    0.2431    0.0962   -0.1046
   -0.0526   -0.1942    0.4784    0.0380   -0.0411    0.3754    0.1435   -0.0530   -0.0867   -0.1702    0.3143    0.3099   -0.4667
   -0.4666   -0.1954   -0.1899    0.2018    0.2105   -0.0985    0.4524    0.1693   -0.3632   -0.2790   -0.0124   -0.0367    0.1735
   -0.0897   -0.2182    0.2369   -0.1503   -0.1912    0.5270    0.2637    0.1065    0.2500   -0.1071   -0.1244   -0.4602    0.3441
   -0.1840   -0.3002   -0.1320   -0.4035   -0.3154    0.0748    0.0182    0.1335    0.1569    0.3969   -0.2991    0.3729   -0.0628
    0.0240   -0.2155    0.1096   -0.1622    0.0778    0.0447   -0.3521   -0.4838   -0.0359   -0.2503    0.1741   -0.1648    0.0030
   -0.2522   -0.3348   -0.3166   -0.4353   -0.2413   -0.2436   -0.1384   -0.0221   -0.1307   -0.2292    0.3061   -0.1239   -0.1140

  Columns 14 through 16

   -0.2801    0.5027    0.3098
   -0.3377    0.2901    0.0865
    0.1973   -0.0208    0.1070
    0.3439   -0.1987   -0.0110
   -0.0766   -0.0940   -0.3152
    0.2989   -0.2082    0.0771
   -0.0299   -0.2665   -0.5053
   -0.2327   -0.0027   -0.1562
    0.0299   -0.2665    0.5053
   -0.2327    0.0027   -0.1562
    0.0766   -0.0940    0.3152
    0.2989    0.2082    0.0771
   -0.1973   -0.0208   -0.1070
    0.3439    0.1987   -0.0110
    0.2801    0.5027   -0.3098
   -0.3377   -0.2901    0.0865
>> disp(t.x)
   -0.0038
   -0.0477
    0.0182
   -0.0392
    0.0077
   -0.0712
   -0.0017
   -0.0748
    0.0017
   -0.0748
   -0.0077
   -0.0712
   -0.0182
   -0.0392
    0.0038
   -0.0477
>> disp(t.x0)
  Columns 1 through 13

   -0.0107   -0.0964    0.0490    0.0726    0.0348   -0.0200   -0.1575    0.2163   -0.0160    0.1119    0.0779   -0.0737   -0.0013
   -0.1128    0.1497    0.1416   -0.1947    0.1079   -0.1090    0.0619   -0.0099    0.0584   -0.1025   -0.1369    0.0554   -0.0510
    0.0448   -0.1091    0.1184    0.0752   -0.0956   -0.2635    0.1319   -0.0532    0.1250    0.0536   -0.0622   -0.2301   -0.1721
   -0.0920    0.1501    0.0660   -0.2018    0.1577    0.0374   -0.0091    0.0668   -0.0784    0.1984    0.1496   -0.1865   -0.0314
    0.0199   -0.0734    0.1808   -0.0144   -0.0155   -0.1419    0.0543    0.0200   -0.0328    0.0643    0.1188    0.1171    0.1764
   -0.1764    0.0739    0.0718    0.0763   -0.0796   -0.0372   -0.1710    0.0640    0.1373   -0.1055    0.0047    0.0139    0.0656
   -0.0045   -0.1495    0.0516    0.0215    0.1662    0.0074   -0.0969    0.1561   -0.0341   -0.0519   -0.1503    0.0004   -0.1454
   -0.1862    0.0566    0.0848    0.1042   -0.1520    0.0296   -0.0544   -0.1288   -0.2233    0.1382   -0.1087   -0.0430   -0.0468
    0.0045   -0.1495    0.0516   -0.0215    0.1662   -0.0074   -0.0969   -0.1561   -0.0341    0.0519   -0.1503    0.0004    0.1454
   -0.1862   -0.0566   -0.0848    0.1042    0.1520    0.0296    0.0544   -0.1288    0.2233    0.1382    0.1087    0.0430   -0.0468
   -0.0199   -0.0734    0.1808    0.0144   -0.0155    0.1419    0.0543   -0.0200   -0.0328   -0.0643    0.1188    0.1171   -0.1764
   -0.1764   -0.0739   -0.0718    0.0763    0.0796   -0.0372    0.1710    0.0640   -0.1373   -0.1055   -0.0047   -0.0139    0.0656
   -0.0448   -0.1091    0.1184   -0.0752   -0.0956    0.2635    0.1319    0.0532    0.1250   -0.0536   -0.0622   -0.2301    0.1721
   -0.0920   -0.1501   -0.0660   -0.2018   -0.1577    0.0374    0.0091    0.0668    0.0784    0.1984   -0.1496    0.1865   -0.0314
    0.0107   -0.0964    0.0490   -0.0726    0.0348    0.0200   -0.1575   -0.2163   -0.0160   -0.1119    0.0779   -0.0737    0.0013
   -0.1128   -0.1497   -0.1416   -0.1947   -0.1079   -0.1090   -0.0619   -0.0099   -0.0584   -0.1025    0.1369   -0.0554   -0.0510

  Columns 14 through 16

   -0.1253    0.2248    0.1385
   -0.1510    0.1297    0.0387
    0.0987   -0.0104    0.0535
    0.1720   -0.0994   -0.0055
   -0.0290   -0.0355   -0.1191
    0.1130   -0.0787    0.0291
   -0.0134   -0.1192   -0.2260
   -0.1041   -0.0012   -0.0699
    0.0134   -0.1192    0.2260
   -0.1041    0.0012   -0.0699
    0.0290   -0.0355    0.1191
    0.1130    0.0787    0.0291
   -0.0987   -0.0104   -0.0535
    0.1720    0.0994   -0.0055
    0.1253    0.2248   -0.1385
   -0.1510   -0.1297    0.0387
>> disp(t.xd)
     1
     1
   NaN
     1
     1
   NaN
     1
     1
   NaN
     1
     1
   NaN
     2
     1
   NaN
     2
     1
   NaN
     1
     2
   NaN
     1
     2
   NaN
     2
     2
   NaN
     2
     1
   NaN
     2
     2
   NaN
     1
     2
   NaN
     2
     2
   NaN
     2
     2
   NaN
     3
     2
   NaN
     3
     2
   NaN
     2
     3
   NaN
     2
     3
   NaN
     3
     3
   NaN
     3
     2
   NaN
     3
     2
   NaN
     3
     3
   NaN
     2
     3
   NaN
     2
     3
   NaN
     3
     3
   NaN
     3
     3
   NaN
     4
     3
   NaN
     3
     4
   NaN
     4
     4
   NaN
     4
     3
   NaN
     4
     3
   NaN
     4
     4
   NaN
     3
     4
   NaN
     3
     4
   NaN
     4
     4
   NaN
     4
     4
   NaN
     0
     1
   NaN
     0
     1
   NaN
     1
     0
   NaN
     1
     0
   NaN
     0
     0
   NaN
     5
     4
   NaN
     5
     4
   NaN
     4
     5
   NaN
     4
     5
   NaN
     5
     5
   NaN
>> disp(t.xy)
     1     0
     1     1
     2     1
     2     0
     3     0
     3     1
     4     1
     4     0
     0     0
     5     0
>> disp(t.y)
    0.0152
    0.0696
    0.1260
    0.1745
    0.2563
    0.4453
    0.5271
    0.6245
    0.7242
    1.0757
    1.1036
    1.2071
    1.3082
    1.3326
    1.4291
    1.8383
>> disp(t.yd)
     0
     0
   NaN
     1
     0
   NaN
     0
     1
   NaN
     1
     1
   NaN
     1
     0
   NaN
     1
     1
   NaN
     0
     1
   NaN
     1
     1
   NaN
     1
     1
   NaN
     0
     0
   NaN
     0
     1
   NaN
     0
     0
   NaN
     1
     0
   NaN
     0
     0
   NaN
     0
     1
   NaN
     0
     0
   NaN
     1
     0
   NaN
     0
     0
   NaN
     0
     0
   NaN
     1
     1
   NaN
     1
     0
   NaN
     1
     0
   NaN
     1
     1
   NaN
     0
     1
   NaN
     0
     1
   NaN
     1
     1
   NaN
     1
     1
   NaN
     1
     1
   NaN
     1
     1
   NaN
     0
     0
   NaN
     0
     1
   NaN
     0
     1
   NaN
     0
     0
   NaN
     1
     0
   NaN
     1
     0
   NaN
     0
     0
   NaN
     0
     0
   NaN
     0
     1
   NaN
     0
     0
   NaN
     1
     0
   NaN
     0
     0
   NaN
     0
     1
   NaN
     0
     0
   NaN
     1
     0
   NaN
     0
     0
   NaN
     0
     0
   NaN
